1Date: (12, 11, 2018) Time: (19, 45, 30) 
2Date: (13, 11, 2018) Time: (20, 54, 23) 
3Date: (13, 11, 2018) Time: (20, 54, 23) 
4Date: (15, 11, 2018) Time: (0, 26, 16) 
5Date: (15, 11, 2018) Time: (0, 26, 16) 
6Date: (15, 11, 2018) Time: (0, 26, 16) 
7Date: (15, 11, 2018) Time: (20, 12, 48) 
8Date: (15, 11, 2018) Time: (20, 12, 48) 
9Date: (15, 11, 2018) Time: (20, 12, 48) 
10Date: (15, 11, 2018) Time: (20, 12, 48) 
11Date: (18, 11, 2018) Time: (22, 18, 53) 
12Date: (18, 11, 2018) Time: (22, 18, 53) 
13Date: (22, 11, 2018) Time: (20, 7, 36) 
14Date: (22, 11, 2018) Time: (20, 7, 36) 
15Date: (22, 11, 2018) Time: (20, 7, 36) 
16Date: (22, 11, 2018) Time: (20, 7, 36) 
17Date: (22, 11, 2018) Time: (20, 7, 36) 
18Date: (22, 11, 2018) Time: (20, 27, 51) 
19Date: (22, 11, 2018) Time: (20, 27, 51) 
20Date: (22, 11, 2018) Time: (20, 30, 53) 
21Date: (22, 11, 2018) Time: (20, 34, 51) 
22Date: (23, 11, 2018) Time: (21, 34, 25) 
23Date: (26, 11, 2018) Time: (21, 18, 55) 
24Date: (26, 11, 2018) Time: (21, 24, 12) 
25Date: (27, 11, 2018) Time: (20, 41, 6) 
26Date: (27, 11, 2018) Time: (20, 41, 6) 
27Date: (27, 11, 2018) Time: (20, 41, 6) 
28Date: (29, 11, 2018) Time: (17, 51, 57) 
29Date: (29, 11, 2018) Time: (17, 51, 57) 
30Date: (1, 12, 2018) Time: (0, 3, 52) 
31Date: (3, 12, 2018) Time: (14, 4, 6) 
32Date: (3, 12, 2018) Time: (15, 55, 47) 
33Date: (4, 12, 2018) Time: (21, 52, 55) 
34Date: (5, 12, 2018) Time: (10, 43, 24) 
35Date: (5, 12, 2018) Time: (11, 38, 17) 
36Date: (5, 12, 2018) Time: (13, 33, 57) 
37Date: (5, 12, 2018) Time: (14, 36, 25) 
38Date: (5, 12, 2018) Time: (16, 25, 55) 
39Date: (6, 12, 2018) Time: (10, 29, 53) 
40Date: (6, 12, 2018) Time: (11, 57, 11) 
41Date: (6, 12, 2018) Time: (12, 11, 13) 
42Date: (7, 12, 2018) Time: (8, 33, 56) 
43Date: (11, 12, 2018) Time: (9, 23, 2) 
44Date: (11, 12, 2018) Time: (9, 23, 2) 
45Date: (11, 12, 2018) Time: (9, 23, 2) 
46Date: (11, 12, 2018) Time: (9, 23, 2) 
47Date: (11, 12, 2018) Time: (14, 46, 34) 
48Date: (11, 12, 2018) Time: (21, 6, 36) 
49Date: (11, 12, 2018) Time: (21, 6, 36) 
50Date: (11, 12, 2018) Time: (21, 6, 36) 
51Date: (11, 12, 2018) Time: (21, 6, 36) 
52Date: (11, 12, 2018) Time: (21, 6, 36) 
53Date: (11, 12, 2018) Time: (21, 6, 36) 
54Date: (11, 12, 2018) Time: (21, 6, 36) 
55Date: (11, 12, 2018) Time: (21, 6, 36) 
56Date: (11, 12, 2018) Time: (21, 6, 36) 
57Date: (13, 12, 2018) Time: (23, 5, 25) 
58Date: (13, 12, 2018) Time: (23, 5, 25) 
59Date: (13, 12, 2018) Time: (23, 5, 25) 
60Date: (13, 12, 2018) Time: (23, 5, 25) 
61Date: (14, 12, 2018) Time: (13, 44, 17) 
62Date: (14, 12, 2018) Time: (14, 9, 54) 
63Date: (14, 12, 2018) Time: (14, 24, 44) 
64Date: (14, 12, 2018) Time: (14, 46, 42) 
65Date: (14, 12, 2018) Time: (15, 31, 4) 
